
 #  KliegelLevine-1.0.1

 # Curve of M(xs,ys) = M(0,1), 0 <= ys <= 1.
 # Coordinates are parameterized in terms of the throat radius.
 # tht = atan(V(x,y)/U(x,y)).

                  #    x                       y                M (mach)               tht (rad)
  4.1371777565218509E-01  0.0000000000000000E+00  1.1510167807797478E+00  0.0000000000000000E+00
  4.1360560762695969E-01  1.6666666666666666E-02  1.1510167807296301E+00  1.3885540860178658E-03
  4.1326907728798695E-01  3.3333333333333333E-02  1.1510167807721345E+00  2.7762421037058394E-03
  4.1270810491405430E-01  5.0000000000000003E-02  1.1510167807187173E+00  4.1621904239175587E-03
  4.1192255900241437E-01  6.6666666666666666E-02  1.1510167807293676E+00  5.5455103007902452E-03
  4.1091225645504897E-01  8.3333333333333329E-02  1.1510167807612870E+00  6.9252902845685048E-03
  4.0967696425504979E-01  1.0000000000000001E-01  1.1510167807579152E+00  8.3005886236907824E-03
  4.0821640142239635E-01  1.1666666666666667E-01  1.1510167807589813E+00  9.6704256451596027E-03
  4.0653024096973239E-01  1.3333333333333333E-01  1.1510167807429132E+00  1.1033776089652027E-02
  4.0461811269633458E-01  1.4999999999999999E-01  1.1510167807737566E+00  1.2389561424391442E-02
  4.0247960579581560E-01  1.6666666666666666E-01  1.1510167807586071E+00  1.3736642087714222E-02
  4.0011427267454558E-01  1.8333333333333332E-01  1.1510167807719685E+00  1.5073809728845410E-02
  3.9752163221128289E-01  2.0000000000000001E-01  1.1510167807459806E+00  1.6399779349478488E-02
  3.9470117422752088E-01  2.1666666666666667E-01  1.1510167807417055E+00  1.7713181443185719E-02
  3.9165236358530825E-01  2.3333333333333334E-01  1.1510167807283629E+00  1.9012554036124840E-02
  3.8837464521639053E-01  2.5000000000000000E-01  1.1510167807745375E+00  2.0296334716056033E-02
  3.8486744877882312E-01  2.6666666666666666E-01  1.1510167807695570E+00  2.1562852551657238E-02
  3.8113019452430308E-01  2.8333333333333333E-01  1.1510167807818481E+00  2.2810320038013109E-02
  3.7716229842044413E-01  2.9999999999999999E-01  1.1510167807250029E+00  2.4036824898658275E-02
  3.7296317857690159E-01  3.1666666666666665E-01  1.1510167807711145E+00  2.5240321942199637E-02
  3.6853226036764680E-01  3.3333333333333331E-01  1.1510167807277674E+00  2.6418624706233428E-02
  3.6386898360215142E-01  3.4999999999999998E-01  1.1510167807420251E+00  2.7569397262156396E-02
  3.5897280802018944E-01  3.6666666666666664E-01  1.1510167807700686E+00  2.8690145764663527E-02
  3.5384321981109679E-01  3.8333333333333330E-01  1.1510167807334131E+00  2.9778210057427815E-02
  3.4847973822616046E-01  4.0000000000000002E-01  1.1510167807607041E+00  3.0830755246926959E-02
  3.4288192116655408E-01  4.1666666666666669E-01  1.1510167807676814E+00  3.1844763075713468E-02
  3.3704937160946430E-01  4.3333333333333335E-01  1.1510167807446001E+00  3.2817023362238018E-02
  3.3098174338229014E-01  4.5000000000000001E-01  1.1510167807552052E+00  3.3744125298315358E-02
  3.2467874637804939E-01  4.6666666666666667E-01  1.1510167807666307E+00  3.4622448597171084E-02
  3.1814015177078553E-01  4.8333333333333334E-01  1.1510167807762939E+00  3.5448154580454208E-02
  3.1136579648591589E-01  5.0000000000000000E-01  1.1510167807687728E+00  3.6217177067263413E-02
  3.0435558720491829E-01  5.1666666666666661E-01  1.1510167807739538E+00  3.6925213094243556E-02
  2.9710950343869641E-01  5.3333333333333333E-01  1.1510167807590233E+00  3.7567713350590469E-02
  2.8962760013528172E-01  5.5000000000000004E-01  1.1510167807713252E+00  3.8139872390160902E-02
  2.8191000889055440E-01  5.6666666666666665E-01  1.1510167807200584E+00  3.8636618381895346E-02
  2.7395693897269657E-01  5.8333333333333337E-01  1.1510167807755960E+00  3.9052602617560078E-02
  2.6576867583207781E-01  5.9999999999999998E-01  1.1510167807175002E+00  3.9382188172321288E-02
  2.5734558035619554E-01  6.1666666666666670E-01  1.1510167807624729E+00  3.9619438421267826E-02
  2.4868808467872444E-01  6.3333333333333330E-01  1.1510167807772282E+00  3.9758104296235469E-02
  2.3979668826796108E-01  6.5000000000000002E-01  1.1510167807744578E+00  3.9791611102313704E-02
  2.3067195168696342E-01  6.6666666666666663E-01  1.1510167807803551E+00  3.9713044113857517E-02
  2.2131448886357247E-01  6.8333333333333335E-01  1.1510167807737439E+00  3.9515133007876742E-02
  2.1172495787031953E-01  6.9999999999999996E-01  1.1510167807679526E+00  3.9190234978367280E-02
  2.0190404974855480E-01  7.1666666666666667E-01  1.1510167807325256E+00  3.8730316202306374E-02
  1.9185247574932873E-01  7.3333333333333328E-01  1.1510167807128293E+00  3.8126931555443951E-02
  1.8157095243223015E-01  7.5000000000000000E-01  1.1510167807633007E+00  3.7371202152723118E-02
  1.7106018462218342E-01  7.6666666666666661E-01  1.1510167807471223E+00  3.6453790414331305E-02
  1.6032084706239408E-01  7.8333333333333333E-01  1.1510167807677671E+00  3.5364872651895383E-02
  1.4935356290079654E-01  8.0000000000000004E-01  1.1510167807697425E+00  3.4094108139232721E-02
  1.3815888068638743E-01  8.1666666666666665E-01  1.1510167807769462E+00  3.2630604862940026E-02
  1.2673724857158952E-01  8.3333333333333337E-01  1.1510167807868914E+00  3.0962881003189155E-02
  1.1508898609317839E-01  8.4999999999999998E-01  1.1510167807487328E+00  2.9078821743745674E-02
  1.0321425353176893E-01  8.6666666666666670E-01  1.1510167807887273E+00  2.6965630822234656E-02
  9.1113017546013017E-02  8.8333333333333330E-01  1.1510167807290557E+00  2.4609775537506446E-02
  7.8785014944151049E-02  9.0000000000000002E-01  1.1510167807858740E+00  2.1996925263404604E-02
  6.6229711240157474E-02  9.1666666666666663E-01  1.1510167807784100E+00  1.9111880982272868E-02
  5.3446256788447513E-02  9.3333333333333335E-01  1.1510167807286722E+00  1.5938496077486319E-02
  4.0433437610045087E-02  9.4999999999999996E-01  1.1510167807645555E+00  1.2459585747738419E-02
  2.7189620723947882E-02  9.6666666666666667E-01  1.1510167807442404E+00  8.6568233940661592E-03
  1.3712694356217983E-02  9.8333333333333328E-01  1.1510167807666132E+00  4.5106224641829826E-03
  0.0000000000000000E+00  1.0000000000000000E+00  1.1510167807496812E+00  1.8860121955256797E-17
